200 101 102 103 104 105 106 107 108 109 110 6 7 8 9 10 11 12 13 111 112 113 114 96 97 98 99 100 210
0 1 2 3 4 5 14 15 16 17 18 19 20 21
0 space 0
0 cha 1
0 + 2
0 > 3
0 = 4
0 * 5
0 , 6
0 ; 7
0 ( 8
0 ) 9
0 _ 10
0 / 11
0 { 12
0 } 13
0 < 14
0 ! 15
0 dig 16
0 other 100
1 dig 1
1 cha 1
1 other 200
2 + 102
2 = 103
2 other 101
3 other 104
3 = 105
3 > 106
4 other 107
4 = 108
5 other 109
5 * 110
14 other 111
14 = 112
14 < 113
15 other 96
15 = 114
16 dig 16
16 . 17
16 E 19
16 e 19
16 other 210
17 dig 18
17 other 97
18 dig 18
18 E 19
18 e 19
18 other 210
19 other 98
19 + 20
19 - 20
19 dig 21
20 dig 21
20 other 99
21 dig 21
21 other 210